4294967278,339
4294967278,337
4294967278,32
4294967278,31
4294967278,390
4294967278,34
4294967278,33
4294967279,322
4294967278,40
4294967278,39
4294967278,38
4294967278,37
4294967278,36
4294967278,35
4294967278,335
4294967278,334
4294967278,366
4294967279,548
4294967278,389
4294967279,197
4294967278,196
4294967279,196
4294967278,195
4294967279,195
4294967278,48
4294967278,47
4294967278,46
4294967278,45
4294967278,44
4294967278,43
4294967278,42
4294967278,41
4294967279,527
4294967278,373
4294967279,516
4294967278,192
4294967278,191
4294967278,61
4294967278,354
4294967278,60
4294967278,328
4294967278,59
4294967278,307
4294967278,58
4294967278,306
4294967278,57
4294967278,56
4294967278,353
4294967278,55
4294967278,54
4294967278,53
4294967278,52
4294967278,51
4294967278,324
4294967278,50
4294967278,49
4294967279,83
4294967279,81
4294967279,80
4294967279,79
4294967279,73
4294967279,72
4294967279,71
4294967279,63
4294967279,60
4294967279,57
4294967279,55
4294967279,52
4294967279,51
4294967279,50
4294967279,49
4294967279,48
4294967279,46
4294967279,42
4294967279,41
4294967279,39
4294967279,37
4294967279,34
4294967279,33
4294967279,30
4294967279,29
4294967279,27
4294967279,25
4294967279,24
4294967279,23
4294967279,22
4294967279,20
4294967279,17
4294967279,15
4294967279,11
4294967279,10
4294967279,78
4294967279,514
4294967279,572
4294967278,313
4294967279,76
4294967279,306
4294967278,188
4294967279,188
4294967278,312
4294967279,305
4294967278,311
4294967279,186
4294967278,185
4294967279,184
4294967279,70
4294967279,542
4294967278,388
4294967278,355
4294967279,69
4294967279,541
4294967278,181
4294967278,283
4294967279,68
4294967278,180
4294967279,180
4294967278,179
4294967278,387
4294967279,66
4294967279,302
4294967278,178
4294967279,178
4294967279,177
4294967279,321
4294967279,538
4294967279,64
4294967279,176
91,6
4294967278,175
91,5
4294967279,175
91,4
91,3
91,2
91,1
4294967279,173
4294967279,59
4294967279,318
4294967279,58
4294967279,170
4294967279,537
4294967279,169
4294967294,37
4294967294,408
4294967294,385
4294967294,148
4294967294,191
4294967294,1014
4294967294,454
4294967294,118
4294967294,458
4294967294,466
4294967279,56
4294967279,168
4294967279,536
4294967279,167
4294967279,165
90,5
4294967279,164
90,4
90,2
90,1
4294967279,163
4294967294,40
4294967294,36
4294967294,39
4294967294,76
4294967279,47
4294967279,161
89,4
4294967279,160
89,3
89,2
89,1
4294967279,296
4294967294,426
4294967294,44
4294967279,159
4294967294,1415
4294967294,43
4294967294,53
4294967294,52
4294967294,51
4294967294,42
4294967294,30
4294967294,61
4294967278,131
4294967278,130
4294967278,128
4294967278,125
4294967278,123
4294967278,122
4294967278,121
4294967278,120
4294967278,119
4294967278,117
4294967278,115
4294967278,114
4294967278,113
4294967278,112
4294967278,108
4294967278,106
4294967278,105
4294967278,104
4294967278,103
4294967278,102
4294967278,98
4294967278,96
4294967278,95
4294967278,94
4294967278,93
4294967278,91
4294967278,90
4294967278,89
4294967278,87
4294967278,333
4294967278,86
4294967278,85
4294967278,84
4294967278,83
4294967278,82
4294967278,359
4294967278,81
4294967278,80
4294967278,79
4294967278,331
4294967278,78
4294967278,357
4294967278,77
4294967278,76
4294967278,75
4294967278,74
4294967278,73
4294967278,72
4294967278,310
4294967278,71
4294967278,70
4294967278,69
4294967278,68
4294967278,67
4294967278,66
4294967278,65
4294967278,64
4294967278,308
4294967278,63
4294967278,62
4294967278,260
4294967279,84
4294967279,82
4294967279,77
4294967279,75
4294967279,74
4294967279,560
4294967279,67
4294967279,301
4294967279,65
4294967279,62
4294967279,319
4294967279,61
4294967279,54
4294967279,535
4294967279,53
4294967279,45
4294967279,43
4294967279,40
4294967279,38
4294967279,32
4294967279,31
4294967279,28
4294967279,26
4294967279,21
4294967279,19
4294967279,18
4294967279,9
4294967279,6
4294967279,5
4294967279,4
4294967279,539
4294967294,83
4294967294,92
4294967294,91
4294967294,88
4294967294,87
4294967294,85
4294967294,115
4294967279,44
4294967278,386
4294967278,346
4294967278,0
4294967279,152
4294967279,150
88,5
88,4
4294967279,149
88,3
88,2
88,1
4294967279,36
4294967294,128
4294967294,185
4294967279,35
4294967279,142
4294967279,141
4294967279,140
4294967279,284
4294967279,135
4294967279,282
4294967279,280
4294967279,16
4294967294,435
4294967279,265
4294967294,5
4294967279,14
4294967294,473
4294967294,89
4294967294,170
4294967294,188
4294967294,997
4294967294,1414
4294967279,13
4294967279,276
4294967279,12
4294967279,307
4294967294,1015
4294967294,1418
4294967279,259
4294967294,12
4294967294,68
4294967294,11
4294967294,9
4294967279,7
4294967294,386
4294967294,472
4294967294,470
4294967294,204
4294967279,256
4294967279,8
